1231231231212312312312123123123121231231231212312312312123123123121231231231212312312312123123123121231
2312312123123123121231231231212312312312123123123121231231231212312312312123123123121231231231212312312312123123123121231231231212312

3123121231231231212312312312123123123121231231231212312312312123123123121231231231212312312312123123123121231231231212312312312





3123123121231231231212312312312123123123121231231231212312312312123123123121231231231212312312312123123123121231231231212312312



31212312312312123123123121231231231212312312312123123123121231231231212312312312123123123121231231231212312312312123123123121231231231212312312312123123123121231231231212312
31231212312312312123123123121231231231212312312312123123123121231231231212312312312123123123121231231231212312312312123
123123121231231231212312312312123123123121231231231212312312312123123123121231231231212312312312123123123121231231231212312312312123123123121231231231212312312312123123123121231231231212312312312
